Year;Average salary (USD);Δ Average salary (USD);% Δ Average salary (USD);Exchange rate (UAH/USD)
2010;239.5;; ;8.00
2011;289.3;49.8;20.8%;7.94
2012;340.7;51.4;17.8%;7.99
2013;375.3;34.6;10.2%;7.99
2014;393.8;18.5;4.9%;7.99
2015;213.8;-180.0;-45.7%;16.16
2016;173.4;-40.4;-18.9%;25.15
2017;221.5;48.1;27.7%;27.12
2018;275.3;53.8;24.3%;28.01
2019;332.3;57.0;20.7%;27.76
2020;430.5;98.2;29.5%;24.92
2021;437.6;7.1;1.7%;28.19
2022;506.4;68.9;15.7%;28.78